<Date>, <Time>, <Open>, <High>, <Low>, <Close>, <Volume>
2024/6/24,13:30:00,940,940,940,940,11461
2024/6/25,13:30:00,925,945,923,945,57317
2024/6/26,13:30:00,951,960,951,960,44911
2024/6/27,13:30:00,951,961,949,960,39696
2024/6/28,13:30:00,956,971,955,966,39100
2024/7/1,13:30:00,968,977,965,968,19900
2024/7/2,13:30:00,967,971,959,960,25382
2024/7/3,13:30:00,976,979,967,979,24017
2024/7/4,13:30:00,1000,1010,997,1005,41808
2024/7/5,13:30:00,1005,1010,1000,1005,19893
2024/7/8,13:30:00,1005,1050,1000,1035,40055
2024/7/9,13:30:00,1030,1055,1025,1040,46324
2024/7/10,13:30:00,1020,1050,1015,1045,46143
2024/7/11,13:30:00,1065,1080,1055,1080,41594
2024/7/12,13:30:00,1030,1045,1025,1040,68872
2024/7/15,13:30:00,1040,1045,1025,1040,38331
2024/7/16,13:30:00,1040,1070,1035,1055,32082
2024/7/17,13:30:00,1035,1045,1020,1030,53955
2024/7/18,13:30:00,988,1005,986,1005,81911
2024/7/19,13:30:00,988,995,970,970,92263
2024/7/22,13:30:00,964,965,938,939,82855
2024/7/23,13:30:00,963,979,956,979,47048
2024/7/26,13:30:00,915,930,915,924,81991
2024/7/29,13:30:00,942,948,936,944,40740
2024/7/30,13:30:00,930,949,926,940,41723
2024/7/31,13:30:00,929,940,928,934,39840
2024/8/1,13:30:00,969,969,948,960,47318
2024/8/2,13:30:00,918,928,903,903,75813
2024/8/5,13:30:00,852,857,813,815,143558
2024/8/6,13:30:00,868,895,840,880,102814
2024/8/7,13:30:00,901,920,893,920,59054
2024/8/8,13:30:00,901,905,887,896,38116
2024/8/9,13:30:00,927,934,922,934,49336
2024/8/12,13:30:00,942,948,931,940,38272
2024/8/13,13:30:00,945,945,937,941,25714
2024/8/14,13:30:00,951,955,945,948,36717
2024/8/15,13:30:00,945,950,941,943,19434
2024/8/16,13:30:00,963,969,958,969,44006
2024/8/19,13:30:00,969,975,964,973,21306
2024/8/20,13:30:00,977,977,968,973,24008
2024/8/21,13:30:00,961,964,956,958,29724
2024/8/22,13:30:00,958,964,948,951,24319
2024/8/23,13:30:00,944,952,939,949,27566
2024/8/26,13:30:00,957,961,945,950,25030
2024/8/27,13:30:00,945,946,940,942,18664
2024/8/28,13:30:00,945,964,943,964,31014
2024/8/29,13:30:00,942,947,937,943,43473
2024/8/30,13:30:00,944,952,941,944,63810
2024/9/2,13:30:00,950,955,943,948,18620
2024/9/3,13:30:00,948,952,939,940,19510
2024/9/4,13:30:00,894,905,888,889,79412
2024/9/5,13:30:00,907,915,900,902,30477
2024/9/6,13:30:00,909,918,903,918,24401
2024/9/9,13:30:00,892,900,891,899,35844
2024/9/10,13:30:00,907,911,901,904,33409
2024/9/11,13:30:00,906,906,900,901,17994
2024/9/12,13:30:00,936,944,928,940,39398
2024/9/13,13:30:00,955,955,939,947,25237
2024/9/16,13:30:00,952,952,943,947,13595
2024/9/18,13:30:00,945,948,933,941,28394
2024/9/19,13:30:00,940,960,936,960,32674
2024/9/20,13:30:00,981,982,971,973,60066
2024/9/23,13:30:00,971,977,971,977,14456
2024/9/24,13:30:00,976,987,971,987,26678
2024/9/25,13:30:00,1000,1005,998,1005,39210
2024/9/26,13:30:00,1010,1015,1005,1015,38001
2024/9/27,13:30:00,1020,1025,1000,1000,35720
2024/9/30,13:30:00,978,990,957,957,61439
2024/10/1,13:30:00,967,977,967,972,26734
2024/10/4,13:30:00,986,986,967,977,40906
2024/10/7,13:30:00,993,1010,989,1005,39596
2024/10/8,13:30:00,1000,1010,997,1010,30785
2024/10/9,13:30:00,1030,1035,1020,1020,46899
2024/10/11,13:30:00,1025,1050,1020,1045,42968
2024/10/14,13:30:00,1045,1055,1035,1045,36776
2024/10/15,13:30:00,1050,1075,1050,1070,42793
2024/10/16,13:30:00,1040,1070,1035,1045,52605
2024/10/17,13:30:00,1050,1055,1030,1035,54110
2024/10/18,13:30:00,1095,1100,1075,1085,84938
2024/10/21,13:30:00,1090,1095,1080,1085,36415
2024/10/22,13:30:00,1065,1075,1060,1075,41153
2024/10/23,13:30:00,1060,1070,1055,1060,31380
2024/10/24,13:30:00,1070,1075,1055,1060,38204
2024/10/25,13:30:00,1065,1070,1060,1065,21976
2024/10/28,13:30:00,1075,1080,1050,1050,40070
2024/10/29,13:30:00,1035,1040,1020,1040,45361
2024/10/30,13:30:00,1040,1055,1030,1030,38152
2024/11/1,13:30:00,996,1030,996,1025,54432
2024/11/4,13:30:00,1030,1045,1025,1040,26692
2024/11/5,13:30:00,1030,1055,1030,1050,32349
2024/11/6,13:30:00,1050,1080,1040,1060,55286
2024/11/7,13:30:00,1050,1075,1050,1065,43929
2024/11/8,13:30:00,1085,1090,1080,1090,36807
2024/11/11,13:30:00,1080,1090,1070,1085,34642
2024/11/12,13:30:00,1060,1065,1050,1050,50976
2024/11/13,13:30:00,1045,1050,1035,1035,42035
2024/11/14,13:30:00,1030,1040,1025,1035,44584
2024/11/15,13:30:00,1040,1045,1030,1035,34725
2024/11/18,13:30:00,1030,1035,1020,1025,31780
2024/11/19,13:30:00,1030,1045,1025,1040,24329
2024/11/20,13:30:00,1045,1050,1020,1025,35799
2024/11/21,13:30:00,1020,1025,1010,1010,41315
2024/11/22,13:30:00,1035,1050,1035,1040,25157
2024/11/25,13:30:00,1045,1050,1030,1030,49516
2024/11/26,13:30:00,1015,1020,1010,1010,27095
2024/11/27,13:30:00,1010,1020,1000,1000,31106
2024/11/28,13:30:00,1005,1005,992,1005,33643
2024/11/29,13:30:00,995,1010,994,996,40037
2024/12/2,13:30:00,1020,1040,1015,1035,31114
2024/12/3,13:30:00,1060,1065,1055,1055,43354
2024/12/4,13:30:00,1065,1070,1055,1070,33406
2024/12/5,13:30:00,1070,1080,1070,1075,31354
2024/12/6,13:30:00,1075,1080,1060,1065,30724
2024/12/9,13:30:00,1070,1075,1065,1075,22216
2024/12/10,13:30:00,1070,1075,1060,1065,28454
2024/12/11,13:30:00,1045,1060,1045,1045,25236
2024/12/12,13:30:00,1060,1065,1055,1060,22759
2024/12/13,13:30:00,1060,1070,1055,1065,20396
2024/12/16,13:30:00,1085,1085,1075,1085,39678
2024/12/17,13:30:00,1090,1095,1075,1075,37834
2024/12/18,13:30:00,1075,1090,1070,1085,41826
2024/12/19,13:30:00,1065,1070,1055,1070,42682
2024/12/20,13:30:00,1060,1060,1035,1035,51955
2024/12/23,13:30:00,1065,1080,1060,1080,30680
2024/12/24,13:30:00,1095,1095,1080,1080,26431
2024/12/25,13:30:00,1090,1090,1080,1085,15428
2024/12/26,13:30:00,1085,1090,1085,1085,14305
2024/12/27,13:30:00,1080,1095,1080,1090,24901
2024/12/30,13:30:00,1090,1095,1085,1090,23926
2024/12/31,13:30:00,1080,1085,1075,1075,28375
2025/1/2,13:30:00,1070,1075,1055,1065,43150
2025/1/3,13:30:00,1080,1085,1075,1075,30394
2025/1/6,13:30:00,1100,1125,1095,1125,69171
2025/1/7,13:30:00,1150,1160,1130,1130,48689
2025/1/8,13:30:00,1110,1130,1105,1105,45101
2025/1/9,13:30:00,1100,1115,1100,1100,27179
2025/1/10,13:30:00,1100,1110,1100,1100,21979
2025/1/13,13:30:00,1110,1115,1070,1075,56634
2025/1/14,13:30:00,1085,1090,1075,1090,28671
2025/1/15,13:30:00,1085,1085,1065,1065,35419
2025/1/16,13:30:00,1095,1115,1090,1105,47448
2025/1/17,13:30:00,1125,1125,1095,1120,59160
2025/1/20,13:30:00,1125,1135,1120,1120,29797
2025/1/21,13:30:00,1115,1125,1110,1120,21872
2025/1/22,13:30:00,1140,1150,1135,1135,42865
2025/2/3,13:30:00,1065,1075,1060,1070,97818
2025/2/4,13:30:00,1085,1100,1080,1095,53261
2025/2/5,13:30:00,1110,1120,1105,1110,40328
2025/2/6,13:30:00,1120,1120,1105,1115,29942
2025/2/7,13:30:00,1110,1125,1105,1125,27848
2025/2/10,13:30:00,1125,1125,1095,1105,28480
2025/2/11,13:30:00,1110,1115,1100,1110,18841
2025/2/12,13:30:00,1110,1115,1100,1100,24127
2025/2/13,13:30:00,1090,1095,1080,1090,33142
2025/2/14,13:30:00,1065,1070,1060,1060,64364
2025/2/17,13:30:00,1065,1085,1065,1085,35431
2025/2/18,13:30:00,1085,1100,1080,1100,21577
2025/2/19,13:30:00,1090,1095,1085,1090,26343
2025/2/20,13:30:00,1080,1085,1070,1080,29602
2025/2/21,13:30:00,1085,1095,1080,1095,28950
2025/2/24,13:30:00,1080,1085,1075,1075,30754
2025/2/25,13:30:00,1055,1060,1050,1055,45099
2025/2/26,13:30:00,1045,1060,1045,1060,36718
2025/2/27,13:30:00,1065,1065,1040,1040,55143
2025/3/3,13:30:00,1000,1020,1000,1020,65511
2025/3/4,13:30:00,996,1010,996,1000,64380
2025/3/5,13:30:00,1020,1030,1015,1020,41924
2025/3/6,13:30:00,1020,1025,1005,1005,45105
2025/3/7,13:30:00,1005,1010,1000,1005,40746
2025/3/10,13:30:00,1005,1005,992,998,46774
2025/3/11,13:30:00,969,979,963,971,50047
2025/3/12,13:30:00,980,995,976,988,34124
2025/3/13,13:30:00,1000,1005,965,965,36823
2025/3/14,13:30:00,965,969,955,959,34208
2025/3/17,13:30:00,977,985,968,970,31430
2025/3/18,13:30:00,976,978,968,971,21544
2025/3/19,13:30:00,965,967,950,952,35144
2025/3/20,13:30:00,978,985,971,985,28660
2025/3/21,13:30:00,985,987,970,972,39175
2025/3/24,13:30:00,986,987,972,972,16088
2025/3/25,13:30:00,989,995,985,990,26124
2025/3/26,13:30:00,995,995,980,980,21692
2025/3/27,13:30:00,961,964,958,958,34508
2025/3/28,13:30:00,946,955,946,952,33022
2025/3/31,13:30:00,920,924,910,910,50850
2025/4/1,13:30:00,929,946,925,944,32141
2025/4/2,13:30:00,949,952,938,942,24798
2025/4/7,13:30:00,848,848,848,848,23585
2025/4/8,13:30:00,797,843,797,816,116431
2025/4/9,13:30:00,809,826,780,785,107340
2025/4/10,13:30:00,863,863,863,863,19393
2025/4/11,13:30:00,848,889,836,889,76015
2025/4/14,13:30:00,895,903,865,865,66194
2025/4/15,13:30:00,874,879,865,877,30482
2025/4/16,13:30:00,867,869,852,855,41978
2025/4/17,13:30:00,849,856,842,847,33648
2025/4/18,13:30:00,853,858,850,850,20045
2025/4/21,13:30:00,844,847,832,835,18341
2025/4/22,13:30:00,826,829,816,816,28762
2025/4/23,13:30:00,853,873,848,873,37815
2025/4/24,13:30:00,886,886,859,864,32208
2025/4/25,13:30:00,900,901,886,888,34580
2025/4/28,13:30:00,898,898,893,897,21790
2025/4/29,13:30:00,897,902,893,902,24320
2025/4/30,13:30:00,901,908,899,908,35362
2025/5/2,13:30:00,938,950,932,950,43792
2025/5/5,13:30:00,956,957,923,938,52710
2025/5/6,13:30:00,916,930,916,920,37480
2025/5/7,13:30:00,925,932,911,928,36881
2025/5/8,13:30:00,933,939,918,918,27954
2025/5/9,13:30:00,938,949,934,949,36275
2025/5/12,13:30:00,954,962,952,957,23349
2025/5/13,13:30:00,990,990,969,969,38003
2025/5/14,13:30:00,990,999,988,999,40379
2025/5/15,13:30:00,1000,1000,993,993,24627
2025/5/16,13:30:00,991,998,989,998,16835
2025/5/19,13:30:00,993,994,980,984,19875
2025/5/20,13:30:00,991,994,978,978,20864
2025/5/21,13:30:00,986,999,983,990,26217
2025/5/22,13:30:00,988,988,979,982,18723
2025/5/23,13:30:00,993,993,975,984,22192
2025/5/26,13:30:00,975,984,975,976,19307
2025/5/27,13:30:00,971,975,961,965,26325
2025/5/28,13:30:00,984,985,967,967,26452
2025/5/29,13:30:00,986,986,967,967,48570
2025/6/2,13:30:00,958,961,946,946,33618
2025/6/3,13:30:00,960,965,950,950,25995
2025/6/4,13:30:00,974,990,970,990,37177
2025/6/5,13:30:00,1000,1000,991,998,24366
2025/6/6,13:30:00,997,997,991,995,13642
2025/6/9,13:30:00,1005,1010,1000,1005,21612
2025/6/10,13:30:00,1025,1050,1020,1045,44768
2025/6/11,13:30:00,1065,1070,1055,1065,37050
2025/6/12,13:30:00,1055,1060,1045,1045,25162
2025/6/13,13:30:00,1040,1040,1025,1030,28348
2025/6/16,13:30:00,1030,1030,1015,1025,28550
2025/6/17,13:30:00,1040,1050,1035,1045,26463
2025/6/18,13:30:00,1040,1055,1030,1055,37890
2025/6/19,13:30:00,1045,1045,1030,1035,23958
2025/6/20,13:30:00,1030,1055,1025,1055,57794
2025/6/23,13:30:00,1025,1030,1015,1020,32111
2025/6/24,13:30:00,1045,1050,1040,1050,28120
